100
0 h 0
0 h 1
0 h 2
0 h 3
0 h 4
0 h 5
0 h 6
0 h 7
0 h 8
0 h 9
0 h 10
0 h 11
0 h 12
0 h 13
0 h 14
0 h 15
0 h 16
0 h 17
0 h 18
0 h 19
0 h 20
0 h 21
0 h 22
0 h 23
0 h 24
0 h 25
0 h 26
0 h 27
0 h 28
0 h 29
0 h 30
0 h 31
0 h 32
0 h 33
0 h 34
0 h 35
0 h 36
0 h 37
0 h 38
0 h 39
0 h 40
0 h 41
0 h 42
0 h 43
0 h 44
0 h 45
0 h 46
0 h 47
0 h 48
0 h 49
0 h 50
0 h 51
0 h 52
0 h 53
0 h 54
0 h 55
0 h 56
0 h 57
0 h 58
0 h 59
0 h 60
0 h 61
0 h 62
0 h 63
0 h 64
0 h 65
0 h 66
0 h 67
0 h 68
0 h 69
0 h 70
0 h 71
0 h 72
0 h 73
0 h 74
0 h 75
0 h 76
0 h 77
0 h 78
0 h 79
0 h 80
0 h 81
0 h 82
0 h 83
0 h 84
0 h 85
0 h 86
0 h 87
0 h 88
0 h 89
0 h 90
0 h 91
0 h 92
0 h 93
0 h 94
0 h 95
0 h 96
0 h 97
0 h 98
0 x 99
1 h 99
2 cx 0 99
3 cx 1 99
4 cx 2 99
5 cx 3 99
6 cx 4 99
7 cx 5 99
8 cx 6 99
9 cx 7 99
10 cx 8 99
11 cx 9 99
12 cx 10 99
13 cx 11 99
14 cx 12 99
15 cx 13 99
16 cx 14 99
17 cx 15 99
18 cx 16 99
19 cx 17 99
20 cx 18 99
21 cx 19 99
22 cx 20 99
23 cx 21 99
24 cx 22 99
25 cx 23 99
26 cx 24 99
27 cx 25 99
28 cx 26 99
29 cx 27 99
30 cx 28 99
31 cx 29 99
32 cx 30 99
33 cx 31 99
34 cx 32 99
35 cx 33 99
36 cx 34 99
37 cx 35 99
38 cx 36 99
39 cx 37 99
40 cx 38 99
41 cx 39 99
42 cx 40 99
43 cx 41 99
44 cx 42 99
45 cx 43 99
46 cx 44 99
47 cx 45 99
48 cx 46 99
49 cx 47 99
50 cx 48 99
51 cx 49 99
52 cx 50 99
53 cx 51 99
54 cx 52 99
55 cx 53 99
56 cx 54 99
57 cx 55 99
58 cx 56 99
59 cx 57 99
60 cx 58 99
61 cx 59 99
62 cx 60 99
63 cx 61 99
64 cx 62 99
65 cx 63 99
66 cx 64 99
67 cx 65 99
68 cx 66 99
69 cx 67 99
70 cx 68 99
71 cx 69 99
72 cx 70 99
73 cx 71 99
74 cx 72 99
75 cx 73 99
76 cx 74 99
77 cx 75 99
78 cx 76 99
79 cx 77 99
80 cx 78 99
81 cx 79 99
82 cx 80 99
83 cx 81 99
84 cx 82 99
85 cx 83 99
86 cx 84 99
87 cx 85 99
88 cx 86 99
89 cx 87 99
90 cx 88 99
91 cx 89 99
92 cx 90 99
93 cx 91 99
94 cx 92 99
95 cx 93 99
96 cx 94 99
97 cx 95 99
98 cx 96 99
99 cx 97 99
100 cx 98 99
101 h 0
101 h 1
101 h 2
101 h 3
101 h 4
101 h 5
101 h 6
101 h 7
101 h 8
101 h 9
101 h 10
101 h 11
101 h 12
101 h 13
101 h 14
101 h 15
101 h 16
101 h 17
101 h 18
101 h 19
101 h 20
101 h 21
101 h 22
101 h 23
101 h 24
101 h 25
101 h 26
101 h 27
101 h 28
101 h 29
101 h 30
101 h 31
101 h 32
101 h 33
101 h 34
101 h 35
101 h 36
101 h 37
101 h 38
101 h 39
101 h 40
101 h 41
101 h 42
101 h 43
101 h 44
101 h 45
101 h 46
101 h 47
101 h 48
101 h 49
101 h 50
101 h 51
101 h 52
101 h 53
101 h 54
101 h 55
101 h 56
101 h 57
101 h 58
101 h 59
101 h 60
101 h 61
101 h 62
101 h 63
101 h 64
101 h 65
101 h 66
101 h 67
101 h 68
101 h 69
101 h 70
101 h 71
101 h 72
101 h 73
101 h 74
101 h 75
101 h 76
101 h 77
101 h 78
101 h 79
101 h 80
101 h 81
101 h 82
101 h 83
101 h 84
101 h 85
101 h 86
101 h 87
101 h 88
101 h 89
101 h 90
101 h 91
101 h 92
101 h 93
101 h 94
101 h 95
101 h 96
101 h 97
101 h 98
