30
0 h 0
1 h 1
2 cz 0 1
3 h 1
4 h 2
5 cz 0 2
6 h 2
7 h 3
8 cz 0 3
9 h 3
10 h 4
11 cz 0 4
12 h 4
13 h 5
14 cz 0 5
15 h 5
16 h 6
17 cz 0 6
18 h 6
19 h 7
20 cz 0 7
21 h 7
22 h 8
23 cz 0 8
24 h 8
25 h 9
26 cz 0 9
27 h 9
28 h 10
29 cz 0 10
30 h 10
31 h 11
32 cz 0 11
33 h 11
34 h 12
35 cz 0 12
36 h 12
37 h 13
38 cz 0 13
39 h 13
40 h 14
41 cz 0 14
42 h 14
43 h 15
44 cz 0 15
45 h 15
46 h 16
47 cz 0 16
48 h 16
49 h 17
50 cz 0 17
51 h 17
52 h 18
53 cz 0 18
54 h 18
55 h 19
56 cz 0 19
57 h 19
58 h 20
59 cz 0 20
60 h 20
61 h 21
62 cz 0 21
63 h 21
64 h 22
65 cz 0 22
66 h 22
67 h 23
68 cz 0 23
69 h 23
70 h 24
71 cz 0 24
72 h 24
73 h 25
74 cz 0 25
75 h 25
76 h 26
77 cz 0 26
78 h 26
79 h 27
80 cz 0 27
81 h 27
82 h 28
83 cz 0 28
84 h 28
85 h 29
86 cz 0 29
87 h 29
